OBTENER CALENDARIOS
1
[(1, 2), (0, 3), (0, 4), (1, 4), (2, 3)]
OBTENER CALENDARIOS
1
OBTENIENDO CALENDARIO0
[(1, 2), (0, 3), (0, 4), (1, 4), (2, 3)]
[(0, 0, 0, 0, 0, 0), (0, 0, 0, 0, 0, 1), (0, 0, 0, 0, 1, 0), (0, 0, 0, 0, 1, 1), (0, 0, 0, 1, 0, 0), (0, 0, 0, 1, 0, 1), (0, 0, 0, 1, 1, 0), (0, 0, 0, 1, 1, 1), (0, 0, 1, 0, 0, 0), (0, 0, 1, 0, 0, 1), (0, 0, 1, 0, 1, 0), (0, 0, 1, 0, 1, 1), (0, 0, 1, 1, 0, 0), (0, 0, 1, 1, 0, 1), (0, 0, 1, 1, 1, 0), (0, 0, 1, 1, 1, 1), (0, 1, 0, 0, 0, 0), (0, 1, 0, 0, 0, 1), (0, 1, 0, 0, 1, 0), (0, 1, 0, 0, 1, 1), (0, 1, 0, 1, 0, 0), (0, 1, 0, 1, 0, 1), (0, 1, 0, 1, 1, 0), (0, 1, 0, 1, 1, 1), (0, 1, 1, 0, 0, 0), (0, 1, 1, 0, 0, 1), (0, 1, 1, 0, 1, 0), (0, 1, 1, 0, 1, 1), (0, 1, 1, 1, 0, 0), (0, 1, 1, 1, 0, 1), (0, 1, 1, 1, 1, 0), (0, 1, 1, 1, 1, 1), (1, 0, 0, 0, 0, 0), (1, 0, 0, 0, 0, 1), (1, 0, 0, 0, 1, 0), (1, 0, 0, 0, 1, 1), (1, 0, 0, 1, 0, 0), (1, 0, 0, 1, 0, 1), (1, 0, 0, 1, 1, 0), (1, 0, 0, 1, 1, 1), (1, 0, 1, 0, 0, 0), (1, 0, 1, 0, 0, 1), (1, 0, 1, 0, 1, 0), (1, 0, 1, 0, 1, 1), (1, 0, 1, 1, 0, 0), (1, 0, 1, 1, 0, 1), (1, 0, 1, 1, 1, 0), (1, 0, 1, 1, 1, 1), (1, 1, 0, 0, 0, 0), (1, 1, 0, 0, 0, 1), (1, 1, 0, 0, 1, 0), (1, 1, 0, 0, 1, 1), (1, 1, 0, 1, 0, 0), (1, 1, 0, 1, 0, 1), (1, 1, 0, 1, 1, 0), (1, 1, 0, 1, 1, 1), (1, 1, 1, 0, 0, 0), (1, 1, 1, 0, 0, 1), (1, 1, 1, 0, 1, 0), (1, 1, 1, 0, 1, 1), (1, 1, 1, 1, 0, 0), (1, 1, 1, 1, 0, 1), (1, 1, 1, 1, 1, 0), (1, 1, 1, 1, 1, 1)]
MATRIZ BASE
[[0 2 2 0 0]
 [2 0 0 2 0]
 [2 0 0 0 2]
 [0 2 0 0 2]
 [0 0 2 2 0]]
0
3
0
4
1
2
1
4
2
3
[[0 2 2 0 0]
 [2 0 0 2 0]
 [2 1 0 0 2]
 [1 2 1 0 2]
 [1 1 2 2 0]]
MATRIZ BASE
[[0 2 2 0 0]
 [2 0 0 2 0]
 [2 0 0 0 2]
 [0 2 0 0 2]
 [0 0 2 2 0]]
0
3
0
4
1
2
1
4
2
3
[[0 2 2 0 0]
 [2 0 0 2 0]
 [2 1 0 0 2]
 [1 2 1 0 2]
 [1 1 2 2 0]]
MATRIZ BASE
[[0 2 2 0 0]
 [2 0 0 2 0]
 [2 0 0 0 2]
 [0 2 0 0 2]
 [0 0 2 2 0]]
0
3
0
4
1
2
1
4
2
3
[[0 2 2 0 0]
 [2 0 0 2 0]
 [2 1 0 1 2]
 [1 2 0 0 2]
 [1 1 2 2 0]]
MATRIZ BASE
[[0 2 2 0 0]
 [2 0 0 2 0]
 [2 0 0 0 2]
 [0 2 0 0 2]
 [0 0 2 2 0]]
0
3
0
4
1
2
1
4
2
3
[[0 2 2 0 0]
 [2 0 0 2 0]
 [2 1 0 1 2]
 [1 2 0 0 2]
 [1 1 2 2 0]]
MATRIZ BASE
[[0 2 2 0 0]
 [2 0 0 2 0]
 [2 0 0 0 2]
 [0 2 0 0 2]
 [0 0 2 2 0]]
0
3
0
4
1
2
1
4
2
3
[[0 2 2 0 0]
 [2 0 0 2 1]
 [2 1 0 0 2]
 [1 2 1 0 2]
 [1 0 2 2 0]]
MATRIZ BASE
[[0 2 2 0 0]
 [2 0 0 2 0]
 [2 0 0 0 2]
 [0 2 0 0 2]
 [0 0 2 2 0]]
0
3
0
4
1
2
1
4
2
3
[[0 2 2 0 0]
 [2 0 0 2 1]
 [2 1 0 0 2]
 [1 2 1 0 2]
 [1 0 2 2 0]]
MATRIZ BASE
[[0 2 2 0 0]
 [2 0 0 2 0]
 [2 0 0 0 2]
 [0 2 0 0 2]
 [0 0 2 2 0]]
0
3
0
4
1
2
1
4
2
3
[[0 2 2 0 0]
 [2 0 0 2 1]
 [2 1 0 1 2]
 [1 2 0 0 2]
 [1 0 2 2 0]]
MATRIZ BASE
[[0 2 2 0 0]
 [2 0 0 2 0]
 [2 0 0 0 2]
 [0 2 0 0 2]
 [0 0 2 2 0]]
0
3
0
4
1
2
1
4
2
3
[[0 2 2 0 0]
 [2 0 0 2 1]
 [2 1 0 1 2]
 [1 2 0 0 2]
 [1 0 2 2 0]]
MATRIZ BASE
[[0 2 2 0 0]
 [2 0 0 2 0]
 [2 0 0 0 2]
 [0 2 0 0 2]
 [0 0 2 2 0]]
0
3
0
4
1
2
1
4
2
3
[[0 2 2 0 0]
 [2 0 1 2 0]
 [2 0 0 0 2]
 [1 2 1 0 2]
 [1 1 2 2 0]]
MATRIZ BASE
[[0 2 2 0 0]
 [2 0 0 2 0]
 [2 0 0 0 2]
 [0 2 0 0 2]
 [0 0 2 2 0]]
0
3
0
4
1
2
1
4
2
3
[[0 2 2 0 0]
 [2 0 1 2 0]
 [2 0 0 0 2]
 [1 2 1 0 2]
 [1 1 2 2 0]]
MATRIZ BASE
[[0 2 2 0 0]
 [2 0 0 2 0]
 [2 0 0 0 2]
 [0 2 0 0 2]
 [0 0 2 2 0]]
0
3
0
4
1
2
1
4
2
3
[[0 2 2 0 0]
 [2 0 1 2 0]
 [2 0 0 1 2]
 [1 2 0 0 2]
 [1 1 2 2 0]]
MATRIZ BASE
[[0 2 2 0 0]
 [2 0 0 2 0]
 [2 0 0 0 2]
 [0 2 0 0 2]
 [0 0 2 2 0]]
0
3
0
4
1
2
1
4
2
3
[[0 2 2 0 0]
 [2 0 1 2 0]
 [2 0 0 1 2]
 [1 2 0 0 2]
 [1 1 2 2 0]]
MATRIZ BASE
[[0 2 2 0 0]
 [2 0 0 2 0]
 [2 0 0 0 2]
 [0 2 0 0 2]
 [0 0 2 2 0]]
0
3
0
4
1
2
1
4
2
3
[[0 2 2 0 0]
 [2 0 1 2 1]
 [2 0 0 0 2]
 [1 2 1 0 2]
 [1 0 2 2 0]]
MATRIZ BASE
[[0 2 2 0 0]
 [2 0 0 2 0]
 [2 0 0 0 2]
 [0 2 0 0 2]
 [0 0 2 2 0]]
0
3
0
4
1
2
1
4
2
3
[[0 2 2 0 0]
 [2 0 1 2 1]
 [2 0 0 0 2]
 [1 2 1 0 2]
 [1 0 2 2 0]]
MATRIZ BASE
[[0 2 2 0 0]
 [2 0 0 2 0]
 [2 0 0 0 2]
 [0 2 0 0 2]
 [0 0 2 2 0]]
0
3
0
4
1
2
1
4
2
3
[[0 2 2 0 0]
 [2 0 1 2 1]
 [2 0 0 1 2]
 [1 2 0 0 2]
 [1 0 2 2 0]]
MATRIZ BASE
[[0 2 2 0 0]
 [2 0 0 2 0]
 [2 0 0 0 2]
 [0 2 0 0 2]
 [0 0 2 2 0]]
0
3
0
4
1
2
1
4
2
3
[[0 2 2 0 0]
 [2 0 1 2 1]
 [2 0 0 1 2]
 [1 2 0 0 2]
 [1 0 2 2 0]]
MATRIZ BASE
[[0 2 2 0 0]
 [2 0 0 2 0]
 [2 0 0 0 2]
 [0 2 0 0 2]
 [0 0 2 2 0]]
0
3
0
4
1
2
1
4
2
3
[[0 2 2 0 1]
 [2 0 0 2 0]
 [2 1 0 0 2]
 [1 2 1 0 2]
 [0 1 2 2 0]]
MATRIZ BASE
[[0 2 2 0 0]
 [2 0 0 2 0]
 [2 0 0 0 2]
 [0 2 0 0 2]
 [0 0 2 2 0]]
0
3
0
4
1
2
1
4
2
3
[[0 2 2 0 1]
 [2 0 0 2 0]
 [2 1 0 0 2]
 [1 2 1 0 2]
 [0 1 2 2 0]]
MATRIZ BASE
[[0 2 2 0 0]
 [2 0 0 2 0]
 [2 0 0 0 2]
 [0 2 0 0 2]
 [0 0 2 2 0]]
0
3
0
4
1
2
1
4
2
3
[[0 2 2 0 1]
 [2 0 0 2 0]
 [2 1 0 1 2]
 [1 2 0 0 2]
 [0 1 2 2 0]]
MATRIZ BASE
[[0 2 2 0 0]
 [2 0 0 2 0]
 [2 0 0 0 2]
 [0 2 0 0 2]
 [0 0 2 2 0]]
0
3
0
4
1
2
1
4
2
3
[[0 2 2 0 1]
 [2 0 0 2 0]
 [2 1 0 1 2]
 [1 2 0 0 2]
 [0 1 2 2 0]]
MATRIZ BASE
[[0 2 2 0 0]
 [2 0 0 2 0]
 [2 0 0 0 2]
 [0 2 0 0 2]
 [0 0 2 2 0]]
0
3
0
4
1
2
1
4
2
3
[[0 2 2 0 1]
 [2 0 0 2 1]
 [2 1 0 0 2]
 [1 2 1 0 2]
 [0 0 2 2 0]]
MATRIZ BASE
[[0 2 2 0 0]
 [2 0 0 2 0]
 [2 0 0 0 2]
 [0 2 0 0 2]
 [0 0 2 2 0]]
0
3
0
4
1
2
1
4
2
3
[[0 2 2 0 1]
 [2 0 0 2 1]
 [2 1 0 0 2]
 [1 2 1 0 2]
 [0 0 2 2 0]]
MATRIZ BASE
[[0 2 2 0 0]
 [2 0 0 2 0]
 [2 0 0 0 2]
 [0 2 0 0 2]
 [0 0 2 2 0]]
0
3
0
4
1
2
1
4
2
3
[[0 2 2 0 1]
 [2 0 0 2 1]
 [2 1 0 1 2]
 [1 2 0 0 2]
 [0 0 2 2 0]]
MATRIZ BASE
[[0 2 2 0 0]
 [2 0 0 2 0]
 [2 0 0 0 2]
 [0 2 0 0 2]
 [0 0 2 2 0]]
0
3
0
4
1
2
1
4
2
3
[[0 2 2 0 1]
 [2 0 0 2 1]
 [2 1 0 1 2]
 [1 2 0 0 2]
 [0 0 2 2 0]]
MATRIZ BASE
[[0 2 2 0 0]
 [2 0 0 2 0]
 [2 0 0 0 2]
 [0 2 0 0 2]
 [0 0 2 2 0]]
0
3
0
4
1
2
1
4
2
3
[[0 2 2 0 1]
 [2 0 1 2 0]
 [2 0 0 0 2]
 [1 2 1 0 2]
 [0 1 2 2 0]]
MATRIZ BASE
[[0 2 2 0 0]
 [2 0 0 2 0]
 [2 0 0 0 2]
 [0 2 0 0 2]
 [0 0 2 2 0]]
0
3
0
4
1
2
1
4
2
3
[[0 2 2 0 1]
 [2 0 1 2 0]
 [2 0 0 0 2]
 [1 2 1 0 2]
 [0 1 2 2 0]]
MATRIZ BASE
[[0 2 2 0 0]
 [2 0 0 2 0]
 [2 0 0 0 2]
 [0 2 0 0 2]
 [0 0 2 2 0]]
0
3
0
4
1
2
1
4
2
3
[[0 2 2 0 1]
 [2 0 1 2 0]
 [2 0 0 1 2]
 [1 2 0 0 2]
 [0 1 2 2 0]]
Calendario Valido
[[0 2 2 0 1]
 [2 0 1 2 0]
 [2 0 0 1 2]
 [1 2 0 0 2]
 [0 1 2 2 0]]
Longitud de calendarios 0
No repetido
calendario valido 0
1
MATRIZ BASE
[[0 2 2 0 0]
 [2 0 0 2 0]
 [2 0 0 0 2]
 [0 2 0 0 2]
 [0 0 2 2 0]]
0
3
0
4
1
2
1
4
2
3
[[0 2 2 0 1]
 [2 0 1 2 0]
 [2 0 0 1 2]
 [1 2 0 0 2]
 [0 1 2 2 0]]
Calendario Valido
[[0 2 2 0 1]
 [2 0 1 2 0]
 [2 0 0 1 2]
 [1 2 0 0 2]
 [0 1 2 2 0]]
Longitud de calendarios 1
calen.calendario
[[0 2 2 0 1]
 [2 0 1 2 0]
 [2 0 0 1 2]
 [1 2 0 0 2]
 [0 1 2 2 0]]
calendario.calendario
[[0 2 2 0 1]
 [2 0 1 2 0]
 [2 0 0 1 2]
 [1 2 0 0 2]
 [0 1 2 2 0]]
Repetido
MATRIZ BASE
[[0 2 2 0 0]
 [2 0 0 2 0]
 [2 0 0 0 2]
 [0 2 0 0 2]
 [0 0 2 2 0]]
0
3
0
4
1
2
1
4
2
3
[[0 2 2 0 1]
 [2 0 1 2 1]
 [2 0 0 0 2]
 [1 2 1 0 2]
 [0 0 2 2 0]]
MATRIZ BASE
[[0 2 2 0 0]
 [2 0 0 2 0]
 [2 0 0 0 2]
 [0 2 0 0 2]
 [0 0 2 2 0]]
0
3
0
4
1
2
1
4
2
3
[[0 2 2 0 1]
 [2 0 1 2 1]
 [2 0 0 0 2]
 [1 2 1 0 2]
 [0 0 2 2 0]]
MATRIZ BASE
[[0 2 2 0 0]
 [2 0 0 2 0]
 [2 0 0 0 2]
 [0 2 0 0 2]
 [0 0 2 2 0]]
0
3
0
4
1
2
1
4
2
3
[[0 2 2 0 1]
 [2 0 1 2 1]
 [2 0 0 1 2]
 [1 2 0 0 2]
 [0 0 2 2 0]]
MATRIZ BASE
[[0 2 2 0 0]
 [2 0 0 2 0]
 [2 0 0 0 2]
 [0 2 0 0 2]
 [0 0 2 2 0]]
0
3
0
4
1
2
1
4
2
3
[[0 2 2 0 1]
 [2 0 1 2 1]
 [2 0 0 1 2]
 [1 2 0 0 2]
 [0 0 2 2 0]]
MATRIZ BASE
[[0 2 2 0 0]
 [2 0 0 2 0]
 [2 0 0 0 2]
 [0 2 0 0 2]
 [0 0 2 2 0]]
0
3
0
4
1
2
1
4
2
3
[[0 2 2 1 0]
 [2 0 0 2 0]
 [2 1 0 0 2]
 [0 2 1 0 2]
 [1 1 2 2 0]]
MATRIZ BASE
[[0 2 2 0 0]
 [2 0 0 2 0]
 [2 0 0 0 2]
 [0 2 0 0 2]
 [0 0 2 2 0]]
0
3
0
4
1
2
1
4
2
3
[[0 2 2 1 0]
 [2 0 0 2 0]
 [2 1 0 0 2]
 [0 2 1 0 2]
 [1 1 2 2 0]]
MATRIZ BASE
[[0 2 2 0 0]
 [2 0 0 2 0]
 [2 0 0 0 2]
 [0 2 0 0 2]
 [0 0 2 2 0]]
0
3
0
4
1
2
1
4
2
3
[[0 2 2 1 0]
 [2 0 0 2 0]
 [2 1 0 1 2]
 [0 2 0 0 2]
 [1 1 2 2 0]]
MATRIZ BASE
[[0 2 2 0 0]
 [2 0 0 2 0]
 [2 0 0 0 2]
 [0 2 0 0 2]
 [0 0 2 2 0]]
0
3
0
4
1
2
1
4
2
3
[[0 2 2 1 0]
 [2 0 0 2 0]
 [2 1 0 1 2]
 [0 2 0 0 2]
 [1 1 2 2 0]]
MATRIZ BASE
[[0 2 2 0 0]
 [2 0 0 2 0]
 [2 0 0 0 2]
 [0 2 0 0 2]
 [0 0 2 2 0]]
0
3
0
4
1
2
1
4
2
3
[[0 2 2 1 0]
 [2 0 0 2 1]
 [2 1 0 0 2]
 [0 2 1 0 2]
 [1 0 2 2 0]]
Calendario Valido
[[0 2 2 1 0]
 [2 0 0 2 1]
 [2 1 0 0 2]
 [0 2 1 0 2]
 [1 0 2 2 0]]
Longitud de calendarios 1
calen.calendario
[[0 2 2 0 1]
 [2 0 1 2 0]
 [2 0 0 1 2]
 [1 2 0 0 2]
 [0 1 2 2 0]]
calendario.calendario
[[0 2 2 1 0]
 [2 0 0 2 1]
 [2 1 0 0 2]
 [0 2 1 0 2]
 [1 0 2 2 0]]
No repetido
calendario valido 1
2
MATRIZ BASE
[[0 2 2 0 0]
 [2 0 0 2 0]
 [2 0 0 0 2]
 [0 2 0 0 2]
 [0 0 2 2 0]]
0
3
0
4
1
2
1
4
2
3
[[0 2 2 1 0]
 [2 0 0 2 1]
 [2 1 0 0 2]
 [0 2 1 0 2]
 [1 0 2 2 0]]
Calendario Valido
[[0 2 2 1 0]
 [2 0 0 2 1]
 [2 1 0 0 2]
 [0 2 1 0 2]
 [1 0 2 2 0]]
Longitud de calendarios 2
calen.calendario
[[0 2 2 0 1]
 [2 0 1 2 0]
 [2 0 0 1 2]
 [1 2 0 0 2]
 [0 1 2 2 0]]
calendario.calendario
[[0 2 2 1 0]
 [2 0 0 2 1]
 [2 1 0 0 2]
 [0 2 1 0 2]
 [1 0 2 2 0]]
calen.calendario
[[0 2 2 1 0]
 [2 0 0 2 1]
 [2 1 0 0 2]
 [0 2 1 0 2]
 [1 0 2 2 0]]
calendario.calendario
[[0 2 2 1 0]
 [2 0 0 2 1]
 [2 1 0 0 2]
 [0 2 1 0 2]
 [1 0 2 2 0]]
Repetido
MATRIZ BASE
[[0 2 2 0 0]
 [2 0 0 2 0]
 [2 0 0 0 2]
 [0 2 0 0 2]
 [0 0 2 2 0]]
0
3
0
4
1
2
1
4
2
3
[[0 2 2 1 0]
 [2 0 0 2 1]
 [2 1 0 1 2]
 [0 2 0 0 2]
 [1 0 2 2 0]]
MATRIZ BASE
[[0 2 2 0 0]
 [2 0 0 2 0]
 [2 0 0 0 2]
 [0 2 0 0 2]
 [0 0 2 2 0]]
0
3
0
4
1
2
1
4
2
3
[[0 2 2 1 0]
 [2 0 0 2 1]
 [2 1 0 1 2]
 [0 2 0 0 2]
 [1 0 2 2 0]]
MATRIZ BASE
[[0 2 2 0 0]
 [2 0 0 2 0]
 [2 0 0 0 2]
 [0 2 0 0 2]
 [0 0 2 2 0]]
0
3
0
4
1
2
1
4
2
3
[[0 2 2 1 0]
 [2 0 1 2 0]
 [2 0 0 0 2]
 [0 2 1 0 2]
 [1 1 2 2 0]]
MATRIZ BASE
[[0 2 2 0 0]
 [2 0 0 2 0]
 [2 0 0 0 2]
 [0 2 0 0 2]
 [0 0 2 2 0]]
0
3
0
4
1
2
1
4
2
3
[[0 2 2 1 0]
 [2 0 1 2 0]
 [2 0 0 0 2]
 [0 2 1 0 2]
 [1 1 2 2 0]]
MATRIZ BASE
[[0 2 2 0 0]
 [2 0 0 2 0]
 [2 0 0 0 2]
 [0 2 0 0 2]
 [0 0 2 2 0]]
0
3
0
4
1
2
1
4
2
3
[[0 2 2 1 0]
 [2 0 1 2 0]
 [2 0 0 1 2]
 [0 2 0 0 2]
 [1 1 2 2 0]]
MATRIZ BASE
[[0 2 2 0 0]
 [2 0 0 2 0]
 [2 0 0 0 2]
 [0 2 0 0 2]
 [0 0 2 2 0]]
0
3
0
4
1
2
1
4
2
3
[[0 2 2 1 0]
 [2 0 1 2 0]
 [2 0 0 1 2]
 [0 2 0 0 2]
 [1 1 2 2 0]]
MATRIZ BASE
[[0 2 2 0 0]
 [2 0 0 2 0]
 [2 0 0 0 2]
 [0 2 0 0 2]
 [0 0 2 2 0]]
0
3
0
4
1
2
1
4
2
3
[[0 2 2 1 0]
 [2 0 1 2 1]
 [2 0 0 0 2]
 [0 2 1 0 2]
 [1 0 2 2 0]]
MATRIZ BASE
[[0 2 2 0 0]
 [2 0 0 2 0]
 [2 0 0 0 2]
 [0 2 0 0 2]
 [0 0 2 2 0]]
0
3
0
4
1
2
1
4
2
3
[[0 2 2 1 0]
 [2 0 1 2 1]
 [2 0 0 0 2]
 [0 2 1 0 2]
 [1 0 2 2 0]]
MATRIZ BASE
[[0 2 2 0 0]
 [2 0 0 2 0]
 [2 0 0 0 2]
 [0 2 0 0 2]
 [0 0 2 2 0]]
0
3
0
4
1
2
1
4
2
3
[[0 2 2 1 0]
 [2 0 1 2 1]
 [2 0 0 1 2]
 [0 2 0 0 2]
 [1 0 2 2 0]]
MATRIZ BASE
[[0 2 2 0 0]
 [2 0 0 2 0]
 [2 0 0 0 2]
 [0 2 0 0 2]
 [0 0 2 2 0]]
0
3
0
4
1
2
1
4
2
3
[[0 2 2 1 0]
 [2 0 1 2 1]
 [2 0 0 1 2]
 [0 2 0 0 2]
 [1 0 2 2 0]]
MATRIZ BASE
[[0 2 2 0 0]
 [2 0 0 2 0]
 [2 0 0 0 2]
 [0 2 0 0 2]
 [0 0 2 2 0]]
0
3
0
4
1
2
1
4
2
3
[[0 2 2 1 1]
 [2 0 0 2 0]
 [2 1 0 0 2]
 [0 2 1 0 2]
 [0 1 2 2 0]]
MATRIZ BASE
[[0 2 2 0 0]
 [2 0 0 2 0]
 [2 0 0 0 2]
 [0 2 0 0 2]
 [0 0 2 2 0]]
0
3
0
4
1
2
1
4
2
3
[[0 2 2 1 1]
 [2 0 0 2 0]
 [2 1 0 0 2]
 [0 2 1 0 2]
 [0 1 2 2 0]]
MATRIZ BASE
[[0 2 2 0 0]
 [2 0 0 2 0]
 [2 0 0 0 2]
 [0 2 0 0 2]
 [0 0 2 2 0]]
0
3
0
4
1
2
1
4
2
3
[[0 2 2 1 1]
 [2 0 0 2 0]
 [2 1 0 1 2]
 [0 2 0 0 2]
 [0 1 2 2 0]]
MATRIZ BASE
[[0 2 2 0 0]
 [2 0 0 2 0]
 [2 0 0 0 2]
 [0 2 0 0 2]
 [0 0 2 2 0]]
0
3
0
4
1
2
1
4
2
3
[[0 2 2 1 1]
 [2 0 0 2 0]
 [2 1 0 1 2]
 [0 2 0 0 2]
 [0 1 2 2 0]]
MATRIZ BASE
[[0 2 2 0 0]
 [2 0 0 2 0]
 [2 0 0 0 2]
 [0 2 0 0 2]
 [0 0 2 2 0]]
0
3
0
4
1
2
1
4
2
3
[[0 2 2 1 1]
 [2 0 0 2 1]
 [2 1 0 0 2]
 [0 2 1 0 2]
 [0 0 2 2 0]]
MATRIZ BASE
[[0 2 2 0 0]
 [2 0 0 2 0]
 [2 0 0 0 2]
 [0 2 0 0 2]
 [0 0 2 2 0]]
0
3
0
4
1
2
1
4
2
3
[[0 2 2 1 1]
 [2 0 0 2 1]
 [2 1 0 0 2]
 [0 2 1 0 2]
 [0 0 2 2 0]]
MATRIZ BASE
[[0 2 2 0 0]
 [2 0 0 2 0]
 [2 0 0 0 2]
 [0 2 0 0 2]
 [0 0 2 2 0]]
0
3
0
4
1
2
1
4
2
3
[[0 2 2 1 1]
 [2 0 0 2 1]
 [2 1 0 1 2]
 [0 2 0 0 2]
 [0 0 2 2 0]]
MATRIZ BASE
[[0 2 2 0 0]
 [2 0 0 2 0]
 [2 0 0 0 2]
 [0 2 0 0 2]
 [0 0 2 2 0]]
0
3
0
4
1
2
1
4
2
3
[[0 2 2 1 1]
 [2 0 0 2 1]
 [2 1 0 1 2]
 [0 2 0 0 2]
 [0 0 2 2 0]]
MATRIZ BASE
[[0 2 2 0 0]
 [2 0 0 2 0]
 [2 0 0 0 2]
 [0 2 0 0 2]
 [0 0 2 2 0]]
0
3
0
4
1
2
1
4
2
3
[[0 2 2 1 1]
 [2 0 1 2 0]
 [2 0 0 0 2]
 [0 2 1 0 2]
 [0 1 2 2 0]]
MATRIZ BASE
[[0 2 2 0 0]
 [2 0 0 2 0]
 [2 0 0 0 2]
 [0 2 0 0 2]
 [0 0 2 2 0]]
0
3
0
4
1
2
1
4
2
3
[[0 2 2 1 1]
 [2 0 1 2 0]
 [2 0 0 0 2]
 [0 2 1 0 2]
 [0 1 2 2 0]]
MATRIZ BASE
[[0 2 2 0 0]
 [2 0 0 2 0]
 [2 0 0 0 2]
 [0 2 0 0 2]
 [0 0 2 2 0]]
0
3
0
4
1
2
1
4
2
3
[[0 2 2 1 1]
 [2 0 1 2 0]
 [2 0 0 1 2]
 [0 2 0 0 2]
 [0 1 2 2 0]]
MATRIZ BASE
[[0 2 2 0 0]
 [2 0 0 2 0]
 [2 0 0 0 2]
 [0 2 0 0 2]
 [0 0 2 2 0]]
0
3
0
4
1
2
1
4
2
3
[[0 2 2 1 1]
 [2 0 1 2 0]
 [2 0 0 1 2]
 [0 2 0 0 2]
 [0 1 2 2 0]]
MATRIZ BASE
[[0 2 2 0 0]
 [2 0 0 2 0]
 [2 0 0 0 2]
 [0 2 0 0 2]
 [0 0 2 2 0]]
0
3
0
4
1
2
1
4
2
3
[[0 2 2 1 1]
 [2 0 1 2 1]
 [2 0 0 0 2]
 [0 2 1 0 2]
 [0 0 2 2 0]]
MATRIZ BASE
[[0 2 2 0 0]
 [2 0 0 2 0]
 [2 0 0 0 2]
 [0 2 0 0 2]
 [0 0 2 2 0]]
0
3
0
4
1
2
1
4
2
3
[[0 2 2 1 1]
 [2 0 1 2 1]
 [2 0 0 0 2]
 [0 2 1 0 2]
 [0 0 2 2 0]]
MATRIZ BASE
[[0 2 2 0 0]
 [2 0 0 2 0]
 [2 0 0 0 2]
 [0 2 0 0 2]
 [0 0 2 2 0]]
0
3
0
4
1
2
1
4
2
3
[[0 2 2 1 1]
 [2 0 1 2 1]
 [2 0 0 1 2]
 [0 2 0 0 2]
 [0 0 2 2 0]]
MATRIZ BASE
[[0 2 2 0 0]
 [2 0 0 2 0]
 [2 0 0 0 2]
 [0 2 0 0 2]
 [0 0 2 2 0]]
0
3
0
4
1
2
1
4
2
3
[[0 2 2 1 1]
 [2 0 1 2 1]
 [2 0 0 1 2]
 [0 2 0 0 2]
 [0 0 2 2 0]]
imprimiendo Opcion 1
imprimiendo Opcion 2
Total calendario:3
